50
100
g
1

100
100
g
1

150
100
g
1

200
100
g
1

250
100
g
1

300
100
g
1

350
100
g
1

400
100
g
1

450
100
g
1

500
100
g
1

550
100
g
1

600
100
g
1

50
150
b
1

100
150
b
1

150
150
b
1

200
150
b
1

250
150
b
1

300
150
b
1

350
150
b
1

400
150
b
1

450
150
b
1
500
150
b
1

550
150
b
1

600
150
b
1

50
200
o
1
100
200
o
1
150
200
o
1

200
200
o
1

250
200
o
1
300
200
o
1
350
200
o
1
400
200
o
1
450
200
o
1
500
200
o
1
550
200
o
1
600
200
o
1

50
250
p
1

100
250
p
1

150
250
p
1

200
250
p
1

250
250
p
1

300
250
p
1

350
250
p
1

400
250
p
1

450
250
p
1

500
250
p
1

550
250
p
1

600
250
p
1

50
300
y
1
100
300
y
1
150
300
y
1
200
300
y
1
250
300
y
1
300
300
y
1
350
300
y
1
400
300
y
1
450
300
y
1
500
300
y
1
550
300
y
1
600
300
y
1