50
100
g
0

100
100
g
0

150
100
g
0

200
100
g
0

250
100
g
0

300
100
g
0

350
100
g
0

400
100
g
0

450
100
g
0

500
100
g
0

550
100
g
0

600
100
g
0

50
150
b
0

100
150
b
0

150
150
b
0

200
150
b
0

250
150
b
0

300
150
b
0

350
150
b
0

400
150
b
0

450
150
b
0
500
150
b
0

550
150
b
0

600
150
b
0

50
200
o
0
100
200
o
0
150
200
o
0

200
200
o
0

250
200
o
0
300
200
o
0
350
200
o
0
400
200
o
0
450
200
o
0
500
200
o
0
550
200
o
0
600
200
o
0

50
250
p
0

100
250
p
0

150
250
p
0

200
250
p
0

250
250
p
0

300
250
p
0

350
250
p
0

400
250
p
0

450
250
p
0

500
250
p
0

550
250
p
0

600
250
p
0

50
300
y
1
100
300
y
1
150
300
y
1
200
300
y
1
250
300
y
1
300
300
y
1
350
300
y
1
400
300
y
1
450
300
y
1
500
300
y
1
550
300
y
1
600
300
y
1

400
400
b
0

500
500
b
0